"plot_drag-1-rfile"
"Time Step" "plot_drag-1 etc.."
("Time Step" "plot_drag-1" "flow-time")
0 0 0
1 34.92152880545346 0.01
2 18.40741420590524 0.02
3 14.98802881823575 0.03
4 12.44590464820273 0.04
5 10.81200960944743 0.05
6 9.725413001892381 0.06
7 8.948294651027826 0.07000000000000001
8 8.358009558409487 0.08
9 7.889314963872335 0.09
10 7.504184875674231 0.1
11 7.180504041127299 0.11
12 6.902857037721091 0.12
13 6.662698012841136 0.13
14 6.451382473939075 0.14
15 6.263895539178795 0.15
16 6.094943133179881 0.16
17 5.944266838843896 0.17
18 5.807583338666988 0.18
19 5.683077009359338 0.19
20 5.56918571325628 0.2
21 5.464460719431262 0.21
22 5.3660621155163 0.22
23 5.276945406649836 0.23
24 5.194056176880683 0.24
25 5.116878178794079 0.25
26 5.044806456456423 0.26
27 4.977379162994654 0.27
28 4.914190468995267 0.28
29 4.854758469119828 0.29
30 4.796455515967753 0.3
31 4.743818988972678 0.31
32 4.69412331407568 0.32
33 4.64707136409654 0.33
34 4.60249670696165 0.34
35 4.56018729125482 0.35
36 4.519990943546246 0.36
37 4.481743008036219 0.37
38 4.445362747984805 0.38
39 4.407462423226019 0.39
40 4.377671233298218 0.4
41 4.342861344725571 0.41
42 4.312856851470518 0.42
43 4.284031630361629 0.43
44 4.256376224720259 0.44
45 4.229890525138212 0.45
46 4.204448818639333 0.46
47 4.180036628201885 0.47
48 4.156584182711057 0.48
49 4.134024379382824 0.49
50 4.112306818837792 0.5
51 4.091409603061742 0.51
52 4.071275398488399 0.52
53 4.05186668772005 0.53
54 4.033132828757666 0.54
55 4.015078802809239 0.55
56 3.997616818254124 0.5600000000000001
57 3.977174401400784 0.5700000000000001
58 3.964615042136261 0.58
59 3.945266745768256 0.59
60 3.930153032878505 0.6
61 3.915462247654584 0.61
62 3.901244795124596 0.62
63 3.887460153057856 0.63
64 3.874109972461565 0.64
65 3.861154907298583 0.65
66 3.848569908021692 0.66
67 3.836362641523984 0.67
68 3.824498795459651 0.68
69 3.813006611209263 0.6900000000000001
70 3.80174552209409 0.7000000000000001
71 3.790855817271813 0.71
72 3.780258551453423 0.72
73 3.769913976724554 0.73
74 3.759896615484873 0.74
75 3.75010148030047 0.75
76 3.740562103354031 0.76
77 3.731272307130892 0.77
78 3.722214580954817 0.78
79 3.713355868187533 0.79
80 3.704728495346022 0.8
81 3.696286880135285 0.8100000000000001
82 3.688102294129342 0.8200000000000001
83 3.676187660225525 0.8300000000000001
84 3.672266384827613 0.84
85 3.660788768231592 0.85
86 3.657149713415727 0.86
87 3.64608955900103 0.87
88 3.642698325871649 0.88
89 3.632057569147433 0.89
90 3.625238568104785 0.9
91 3.618572637442119 0.91
92 3.612064654014617 0.92
93 3.605697506851794 0.93
94 3.59944566013734 0.9400000000000001
95 3.593322728674076 0.9500000000000001
96 3.587317915460407 0.96
97 3.581433391911508 0.97
98 3.575663093423156 0.98
99 3.569995162736801 0.99
100 3.564430200002595 1
101 3.559014827729413 1.01
102 3.553599867578603 1.02
103 3.548337210035186 1.03
104 3.54316038165392 1.04
105 3.538093577160514 1.05
106 3.53306626795586 1.06
107 3.528130621673725 1.07
108 3.52332327382027 1.08
109 3.518560193895323 1.09
110 3.513879389747953 1.1
111 3.50928750070804 1.11
112 3.500514185374182 1.12
113 3.500226036001624 1.13
114 3.491776575310609 1.14
115 3.491545525926054 1.15
116 3.483316559869373 1.16
117 3.483133124125869 1.17
118 3.47510961451387 1.18
119 3.474959005267003 1.19
120 3.467132239435414 1.2
121 3.463036065218395 1.21
122 3.463112436384119 1.22
123 3.455584226599225 1.23
124 3.451664299810369 1.24
125 3.447957041139664 1.25
126 3.444319035414087 1.26
127 3.421236356233718 1.27
128 3.441308056297903 1.28
129 3.417175839714384 1.29
130 3.435190965875151 1.3
131 3.41154450120861 1.31
132 3.429245001744119 1.32
133 3.405992602274083 1.33
134 3.423411930316738 1.34
135 3.400542608329095 1.35
136 3.417683478378132 1.36
137 3.395208650459509 1.37
138 3.412057877423355 1.38
139 3.38992728303058 1.39
140 3.406533171079901 1.4
141 3.384760879328917 1.41
142 3.401098626765564 1.42
143 3.37967503322832 1.43
144 3.395767935530534 1.44
145 3.374664090746919 1.45
146 3.390464524887185 1.46
147 3.369803370776173 1.47
148 3.381836981010487 1.48
149 3.363650671234519 1.49
150 3.380289464505838 1.5
151 3.360123723208292 1.51
152 3.371865518407042 1.52
153 3.35423134742764 1.53
154 3.366973902940491 1.54
155 3.349611143302961 1.55
156 3.362179203264493 1.56
157 3.345059741846248 1.57
158 3.357450700225083 1.58
159 3.340618419323592 1.59
160 3.35279741988265 1.6
161 3.336202533115618 1.61
162 3.348217936253515 1.62
163 3.331865424040116 1.63
164 3.343701553224811 1.64
165 3.327587581976863 1.65
166 3.339253068361601 1.66
167 3.323370815209654 1.67
168 3.334864501020618 1.68
169 3.319210993166689 1.69
170 3.330533030919098 1.7
171 3.31512297845032 1.71
172 3.326259481658899 1.72
173 3.311073522637288 1.73
174 3.322044642218728 1.74
175 3.307076861219245 1.75
176 3.317885474994273 1.76
177 3.30312930526317 1.77
178 3.313780206403951 1.78
179 3.299229885263536 1.79
180 3.30972738788721 1.8
181 3.295376526989491 1.81
182 3.30572313771694 1.82
183 3.291569978819211 1.83
184 3.301768536707383 1.84
185 3.287808573906828 1.85
186 3.297861937947697 1.86
187 3.284091213313864 1.87
188 3.290136194994388 1.88
189 3.279189719092736 1.89
190 3.290001782099089 1.9
191 3.276743086075929 1.91
192 3.282664944552696 1.92
193 3.27201640819599 1.93
194 3.282569673275102 1.94
195 3.269614042900905 1.95
196 3.275410453384223 1.96
197 3.265003833709653 1.97
198 3.275293702772052 1.98
199 3.262675256966867 1.99
200 3.257736272324548 2
201 3.270067814397713 2.01
202 3.257746835870578 2.02
203 3.252886884001685 2.03
204 3.264978928612456 2.04
205 3.252889316756292 2.05
206 3.248123572466346 2.06
207 3.259970648812174 2.07
208 3.248083549692957 2.08
209 3.243427559570756 2.09
210 3.25503207861873 2.1
211 3.243397258399695 2.11
212 3.238793468717331 2.12
213 3.250202475894184 2.13
214 3.238745496613389 2.14
215 3.234224422625554 2.15
216 3.245418788791893 2.16
217 3.234170554854116 2.17
218 3.229725499312537 2.18
219 3.237396576250953 2.19
220 3.228584833252189 2.2
221 3.224819868850851 2.21
222 3.236067350653082 2.22
223 3.225214020743687 2.23
224 3.220923988543245 2.24
225 3.228322258265585 2.25
226 3.219812772627059 2.26
227 3.216167641526803 2.27
228 3.223843003754723 2.28
229 3.215496710247733 2.29
230 3.211922704784147 2.3
231 3.209962175940897 2.31
232 3.218028403319951 2.32
233 3.209907554038407 2.33
234 3.206439014517321 2.34
235 3.204503119620412 2.35
236 3.212435360516225 2.36
237 3.204457375365311 2.37
238 3.201077046381656 2.38
239 3.199185291252041 2.39
240 3.197716967828018 2.4
241 3.196383202973983 2.41
242 3.195103084970138 2.42
243 3.193853645431637 2.43
244 3.192609724362958 2.44
245 3.191382460433126 2.45
246 3.190157883024875 2.46
247 3.188943449919784 2.47
248 3.187734996329594 2.48
249 3.186532371706936 2.49
250 3.185334956605644 2.5
